- child_frame_id: wx250s/base_link
  frame_id: camera_color_optical_frame
  qw: 0.9617012127006496
  qx: 0.0004536107650512624
  qy: -0.27409726980454197
  qz: 0.0011217901185121418
  x: 0.004208716582592607
  y: 0.00024383931656015478
  z: -0.17176515107458268
